111246035
165292333
235159888
235189492
349860094
389365839
394489488
436721695
510660545
526213761
533946526
536144126
539152895
577419564
581948921
589016224
598622132
603603590
606006612
606297719
607872658
613944897
619425401
628443217
628734673
630598482
637321872
648880895
653621129
665078095
666666373
667061582
672189910
674091327
675972236
680465557
682282914
683394737
684970224
690413129
707877383
711161962
713738281
715498026
715504821
715903457
725041959
725676946
726749412
727975812
732450361
733905736
738536033
739739960
741591431
751028434
751994153
753423370
755056762
759426971
759427250
769906692
775429041
775847042
780565387
780610199
781215001
781285603
782556535
787701450
788507540
791446924
792011211
793168590
793202225
795093869
795957193
797480506
798062399
798573779
799493798
803384466
804985788
807344116
809928380
811891514
812259532
812747453
815088170
817141369
818283198
818994686
819938146
820371144
825229801
828024292
832779198
832959733
833148624
833276706
834339835
834362386
837832531
840916673
840957658
841299990
842834174
843279638
843823730
844190866
846085305
846925874
846958109