104108933
114648400
116304760
168771826
185066138
205698204
212485734
235189492
266984385
280694706
313362662
321393190
321700805
337761194
347121204
349860094
353986800
386314478
389365839
394489488
418206529
424216593
472079324
501675182
508718449
511680719
521222940
521543606
526213761
52828606
532330730
536144126
537828434
539152895
539191042
542486075
548899881
565899513
569057318
570926819
574138349
574417494
577419564
579141060
579805238
580101905
580178792
580507757
580535812
580608898
580936576
581484495
581948921
581969050
582113667
582711959
582952401
583159858
583381379
583417902
583626261
583703805
583793582
583816924
583938281
584732691
584859932
585334857
586366068
586380784
586546428
586607538
586769274
587344726
587585676
587593441
588069498
588263986
588637764
588743763
588817019
589274426
589305645
589343053
589726464
589870013
589998684
590014278
590397968
590988809
592165559
592196919
592405188
592406844
592437000
592636791
592754102
593422996
594197931
594559798
594806775
595654779
595800728
596616224
596809425
596952434
597129533
597405901
597695992
597712949
598395385
598402303
598622132
599557951
599953664
600037580
600912987
600939155
601590405
601899416
602641341
603273691
603603590
603925270
603980583
604646617
604675947
604945984
605172843
606006612
606278273
606297719
607159373
609233052
610055861
610089038
611283562
611330876
611561653
611679598
612203040
612549879
612626218
612942679
613341631
613944897
614022990
614563781
614580792
614880032
615092553
615282768
615353898
615445047
615692486
615706657
616087760
617202969
617246679
617715565
617732998
617885471
618222016
618298390
618533556
618694292
618776677
619044862
619425401
619988986
620161262
621306418
623018330
623478699
624107982
625454836
625699680
626461955
626484434
626582941
628416684
628443217
628451237
628734673
629256478
629641129
629657883
629679347
629791084
630057661
630598482
630706446
630906201
631166026
631182241
631517959
632042422
632147405
632469183
632675996
632722507
632979163
633125697
634986512
635506758
635934422
636766361
636853634
637222949
637321872
637488608
637795467
639201800
639707167
640050775
641110884
641984410
642536999
642900360
642926273
643323133
643325156
644007078
644028899
644051445
644183460
645011163
645121534
645904441
645926462
64681933
646846480
646903614
647684899
648086972
648105594
648880895
648881260
649526731
649694345
649813697
650596873
650765357
651291155
651574680
652133903
652147975
653158888
653160206
653457189
653621129
654935962
656290597
657028403
657166011
657194717
657479135
658130110
658155847
659913545
659936339
660790741
661082931
661771842
662321890
662647366
663474619
663612522
663694714
664003719
664354864
664850148
664898848
665078095
665144932
665734699
665831158
666143753
666666373
666684377
666803335
667061582
667666331
668022990
668286676
668297580
669340222
670066165
670519848
670905821
670942726
671176666
672189910
672566473
672730137
673805916
673863996
673867453
674091327
674390449
674721507
675321240
675625786
676123900
677809308
678087993
678922739
679398713
680262202
680465557
681239549
681644354
681836161
682282914
683288581
683394737
683743098
683919866
683928222
684970224
685594715
685868752
686719446
687242209
687471072
687565125
688817232
688851634
688869692
689471571
689784188
689801113
690413129
690576334
690934076
690935235
691489484
692026196
693128023
694027814
694842312
695329751
695892300
697200254
697402464
697783589
698672826
700192692
701497772
701506013
701914562
701979554
702006293
702283192
704380620
704869019
705046464
705718956
705746957
705751737
705908927
706250558
706869205
706888920
707179479
707877383
708094016
708657631
709072348
710564997
711172350
712824437
712933707
713427408
713721703
713738281
714138618
714709788
715498026
715504821
715833125
715903457
716541691
717700968
717714966
718168315
719127089
719271103
719771426
719982262
720584734
720899001
721465366
721579855
721702886
722053909
722610352
723301438
723866530
724496137
725474579
725676946
726312283
726404293
726706517
726749412
727698090
728308510
728331233
728430947
728694067
729164158
729503833
729569302
730692054
730842426
730881936
731134264
731780241
732450361
733071634
733195652
733443607
733838009
735065302
735498873
735891539
736482691
736883194
736916631
794315380