24971058
48929255
52828606
64681933
104108933
111246035
114648400
115669478
116304760
142521033
147371013
150207372
165292333
168771826
172999171
176433935
185066138
186618003
187219819
192495465
200184509
205698204
212485734
213713147
228453946
235159888
235189492
235209429
239571694
240538306
243375282
244731783
245247700
250751913
251202388
251508307
253558063
255405546
260497300
266984385
276101183
280694706
296272404
309292572
313362662
315847138
321393190
321700805
325369384
331400479
333117738
333139480
333744782
335350860
335739168
336061547
337761194
337852046
339147104
339798982
343228941
347121204
349691865
349860094
350409505
352668964
353986800
359573180
363558889
365686625
366477985
368894282
376055058
386314478
386572300
389365839
393685352
394489488
395077758
409513471
418206529
423292825
424216593
430749815
435615108
436721695
442580831
443786863
447342575
452843975
463056600
465884342
472079324
473055639
479784227
497657661
501675182
504128470
506134833
508312640
508718449
509476237
510660545
511680719
512014014
512432509
518366446
520871421
521139056
521222940
521543606
524235257
526213761
532330730
533946526
536010763
536144126
537828434
539152895
539191042
542486075
543645184
545495150
547453532
548899881
551499925
553084964
559969515
565899513
567991646
569057318
569926972
570926819
571303905
572932589
574138349
574417494
577419564
578551854
579141060
579805238
580101905
580178792
580507757
580535812
580608898
580936576
581274204
581484495
581948921
581969050
582113667
582711959
582952401
583159858
583381379
583417902
583626261
583703805
583793582
583816924
583938281
584732691
584859932
585334857
586366068
586380784
586546428
586607538
586769274
587344726
587585676
587593441
588069498
588263986
588637764
588743763
588817019
589016224
589274426
589305645
589343053
589726464
589870013
589998684
590014278
590397968
590988809
592165559
592196919
592405188
592406844
592437000
592636791
592754102
593225748
593422996
594197931
594559798
594806775
595654779
595800728
596616224
596809425
596952434
597129533
597405901
597695992
597712949
598395385
598402303
598622132
599557951
599953664
600037580
600912987
600939155
601310842
601590405
601899416
602641341
603103514
603273691
603603590
603925270
603980583
604646617
604675947
604945984
605172843
606006612
606278273
606297719
607159373
607872658
608288451
608630940
609233052
610055861
610089038
611283562
611330876
611561653
611679598
612203040
612549879
612626218
612942679
613341631
613944897
614022990
614563781
614580792
614880032
615092553
615282768
615353898
615445047
615692486
615706657
616087760
617202969
617246679
617441601
617627752
617715565
617732998
617885471
618222016
618298390
618533556
618694292
618776677
619044862
619425401
619988986
620161262
621306418
621510490
623018330
623478699
624107982
625454836
625699680
626461955
626484434
626582941
628090680
628416684
628443217
628451237
628734673
629256478
629641129
629657883
629679347
629791084
630057661
630598482
630706446
630906201
631166026
631182241
631517959
631528207
632042422
632147405
632156055
632469183
632675996
632722507
632979163
632993689
633125697
633626724
634986512
635506758
635934422
636718826
636766361
636853634
637222949
637321872
637488608
637795467
639201800
639505343
639707167
639862910
640050775
641110884
641984410
642125787
642536999
642900360
642926273
643323133
643325156
644007078
644028899
644051445
644183460
645011163
645121534
645904441
645926462
646846480
646903614
647084080
647684899
648086972
648105594
648880895
648881260
649526731
649694345
649813697
650368260
650596873
650765357
651291155
651423550
651574680
652133903
652147975
652567658
653158888
653160206
653457189
653621129
654935962
656290597
657028403
657166011
657194717
657479135
658130110
658155847
659913545
659936339
660790741
661082931
661771842
662321890
662647366
663474619
663612522
663694714
664003719
664354864
664479701
664850148
664898848
665078095
665144932
665734699
665831158
665964358
666143753
666666373
666684377
666803335
667061582
667666331
667763440
667975645
668022990
668286676
668297580
669340222
670066165
670519848
670905821
670942726
671176666
672189910
672566473
672730137
673805916
673863996
673867453
674091327
674390449
674721507
675321240
675625786
675972236
676123900
676782143
677809308
678087993
678922739
679167150
679398713
680262202
680465557
681239549
681249344
681644354
681836161
682282914
683288581
683394737
683743098
683919866
683928222
684970224
685594715
685868752
686372615
686709863
686719446
687115017
687116798
687242209
687471072
687565125
687927655
688416885
688817232
688851634
688869692
689471571
689784188
689801113
690413129
690576334
690733432
690934076
690935235
691489484
691592537
692026196
693037647
693128023
694027814
694842312
695329751
695892300
697200254
697402464
697783589
698672826
699036454
700192692
700204261
701497772
701506013
701914562
701979554
702006293
702283192
704380620
704869019
705046464
705718956
705746957
705751737
705908927
706250558
706294613
706869205
706888920
707179479
707877383
708094016
708657631
709072348
710472906
710564997
711161962
711172350
712824437
712933707
713048970
713427408
713721703
713738281
714138618
714709788
715498026
715504821
715833125
715903457
716541691
717007322
717700968
717714966
718168315
719127089
719271103
719771426
719982262
720584734
720899001
721465366
721579855
721702886
722053909
722610352
723301438
723730906
723866530
724496137
725041959
725474579
725676946
726312283
726404293
726706517
726749412
727521151
727698090
727975812
728308510
728331233
728430947
728694067
729164158
729503833
729569302
729727376
730028249
730681952
730692054
730842426
730881936
731134264
731780241
732115505
732450361
733071634
733195652
733443607
733759884
733838009
733904123
733904319
733904490
733904962
733905091
733905229
733905357
733905736
734385710
735065302
735233416
735498873
735663039
735891539
736482691
736850914
736883194
736916631
736978739
736997050
737219942
737259015
737382344
737563470
738125269
738536033
738665872
738777849
738782189
739142552
739383718
739739960
740493922
741163028
741341612
741379233
741474259
741591431
742195370
743466527
743866656
744534069
745847054
745848802
745917108
746275083
747197591
747739119
748421849
749321823
749639363
749908062
749940777
750524442
750539991
750994909
751028434
751486978
751743416
751755785
751862790
751994153
752401795
752568798
753181099
753285439
753333749
753423370
753451744
753627402
753633071
754652530
754676267
754784398
755056762
755286577
755309132
755534841
757222711
757558431
758163761
758695738
759426971
759427250
760529438
761326194
761370515
761372239
761373005
761728559
762194063
762367662
762425497
762465118
762647704
762770783
763278276
764863887
764865196
765251230
765299219
765311228
765351872
765421921
766446424
767407795
767448181
767611129
767656949
767683512
768233162
768293394
768334114
768418731
768730960
768799170
769051596
769876585
769879518
769906692
770061842
770131507
770263990
770457120
770986648
771086200
771174156
771735362
772195667
772897650
773043039
774211139
774701639
775015740
775429041
775549611
775635997
775847042
775891697
776951725
776993043
777255918
777279781
777629700
777676012
777681787
778333892
778454858
778542610
779394094
780565387
780610199
781008953
781215001
781285603
782461879
782556535
783329331
783722551
783985284
784666959
784887443
784917862
785244201
785289135
785394177
785581107
785936787
786889824
787626651
787647338
787701450
788122277
788164829
788507540
790281296
790554883
790784552
790946924
791446924
792011211
792476758
792565343
792629507
792892211
793168590
793202225
793414756
793740200
794315380
794332522
795093869
795134091
795957193
796804521
797085874
797425435
797480506
797714238
797895344
798062399
798506403
798573779
798730662
799430639
799431879
799493798
799516893
799903062
800580005
800740571
801385082
803034539
803384466
803486785
804491779
804985788
805401542
805468182
805881667
806894416
807110486
807344116
807724603
808408752
809221514
809641580
809928380
810023189
810079277
810080316
810243761
810735888
811002611
811414552
811470924
811891514
812259532
812614842
812747453
814181284
814841831
815088170
815711881
816664091
817141369
817425713
818283198
818324022
818335302
818994686
819820142
819889526
819938146
820362080
820371144
823025278
823145709
823849889
824632219
824969070
825085290
825229801
825760558
826298144
826324814
828024292
828045804
828304360
829097589
829565264
830755114
832107329
832779198
832879056
832959733
833148624
833205348
833276706
834167079
834337118
834339835
834362386
834390879
835157531
835302284
836530493
836654990
836889784
837013472
837573630
837832531
839970284
840916673
840957658
841285397
841299990
842689639
842834174
843063572
843279638
843482964
843673026
843823730
844190866
844620573
845328575
845338470
846085305
846124030
846374031
846925874
846958109
848069711
848203419
